# 分别是 时间片、总到达数、总在路数
1 0 218
2 0 437
3 0 645
4 0 857
5 0 1063
6 0 1277
7 0 1475
8 0 1687
9 0 1896
10 0 2097
11 0 2290
12 0 2504
13 0 2725
14 0 2929
15 1 3150
16 1 3374
17 1 3568
18 1 3773
19 8 3994
20 9 4190
21 10 4393
22 13 4586
23 16 4807
24 23 4992
25 28 5044
26 31 5074
27 38 5113
28 41 5129
29 50 5149
30 60 5155
31 82 5157
32 93 5172
33 114 5174
34 140 5166
35 166 5163
36 190 5164
37 228 5155
38 259 5142
39 299 5127
40 337 5117
41 385 5097
42 424 5075
43 462 5058
44 527 5032
45 570 5056
46 639 5042
47 713 5041
48 777 5057
49 862 5056
50 939 5050
51 1009 5056
52 1094 5047
53 1204 5066
54 1301 5043
55 1403 5034
56 1501 5068
57 1607 5036
58 1702 5045
59 1798 5025
60 1900 5048
61 2006 5034
62 2113 5054
63 2244 5054
64 2346 5030
65 2470 5042
66 2589 5046
67 2707 5049
68 2815 5036
69 2931 5056
70 3045 5030
71 3160 5038
72 3253 5028
73 3365 5041
74 3462 5038
75 3562 5032
76 3662 5036
77 3761 5034
78 3864 5020
79 3952 5021
80 4051 5044
81 4149 5035
82 4247 5027
83 4338 5030
84 4437 5016
85 4549 5049
86 4629 5049
87 4709 5055
88 4773 5068
89 4853 5060
90 4941 5057
91 5038 5052
92 5136 5010
93 5241 4980
94 5320 4910
95 5394 4846
96 5481 4759
97 5563 4677
98 5649 4591
99 5729 4511
100 5840 4400
101 5922 4318
102 6017 4223
103 6106 4134
104 6205 4035
105 6299 3941
106 6401 3839
107 6491 3749
108 6596 3644
109 6694 3546
110 6786 3454
111 6899 3341
112 6983 3257
113 7095 3145
114 7217 3023
115 7290 2950
116 7388 2852
117 7478 2762
118 7588 2652
119 7672 2568
120 7775 2465
121 7876 2364
122 7989 2251
123 8090 2150
124 8202 2038
125 8296 1944
126 8400 1840
127 8495 1745
128 8594 1646
129 8698 1542
130 8783 1457
131 8856 1384
132 8938 1302
133 9019 1221
134 9086 1154
135 9151 1089
136 9209 1031
137 9269 971
138 9335 905
139 9381 859
140 9449 791
141 9504 736
142 9552 688
143 9608 632
144 9646 594
145 9705 535
146 9753 487
147 9799 441
148 9824 416
149 9874 366
150 9900 340
151 9937 303
152 9956 284
153 9977 263
154 9991 249
155 10007 233
156 10040 200
157 10060 180
158 10077 163
159 10081 159
160 10091 149
161 10102 138
162 10113 127
163 10131 109
164 10139 101
165 10150 90
166 10155 85
167 10166 74
168 10173 67
169 10179 61
170 10190 50
171 10196 44
172 10204 36
173 10209 31
174 10211 29
175 10214 26
176 10218 22
177 10221 19
178 10226 14
179 10229 11
180 10229 11
181 10232 8
182 10232 8
183 10234 6
184 10234 6
185 10234 6
186 10234 6
187 10235 5
188 10235 5
189 10235 5
190 10236 4
191 10238 2
192 10238 2
193 10239 1
194 10239 1
195 10239 1
196 10240 0